-3.000000000000000000e+03
-2.750000000000000000e+03
-2.500000000000000000e+03
-2.250000000000000000e+03
-2.000000000000000000e+03
-1.750000000000000000e+03
-1.500000000000000000e+03
-1.250000000000000000e+03
-1.000000000000000000e+03
-7.500000000000000000e+02
-5.000000000000000000e+02
-2.500000000000000000e+02
0.000000000000000000e+00
-6.000000000000000000e+03
-5.500000000000000000e+03
-5.000000000000000000e+03
-4.500000000000000000e+03
-4.000000000000000000e+03
-3.500000000000000000e+03
-3.000000000000000000e+03
0.000000000000000000e+00
5.000000000000000000e+02
1.000000000000000000e+03
1.500000000000000000e+03
2.000000000000000000e+03
2.500000000000000000e+03
3.000000000000000000e+03
-9.500000000000000000e+03
-8.500000000000000000e+03
-7.500000000000000000e+03
3.500000000000000000e+03
4.500000000000000000e+03
5.500000000000000000e+03
